287
921
45
531
555
139
385
20
53
797
304
680
271
197
377
946
25
516
247
54
702
719
599
255
99
582
399
141
83
586
31
169
435
660
363
973
662
70
404
479
870
226
670
39
117
285
258
992
721
688
252
662
523
963
664
537
403
284
616
870
922
389
549
421
628
346
777
685
622
447
562
432
697
129
384
939
21
892
904
419
945
836
940
568
133
391
91
278
409
85
256
233
925
375
341
484
710
902
525
511
75
374
575
163
60
617
127
688
117
913
472
494
350
518
771
849
378
937
201
543
746
420
736
325
659
266
526
982
667
761
366
621
572
406
879
160
134
239
508
408
833
564
527
737
737
602
130
273
217
370
376
861
39
863
229
681
204
35
782
148
647
789
524
456
981
517
831
716
219
572
604
208
569
122
528
286
948
50
467
597
397
833
467
830
313
736
148
815
630
957
619
912
888
47
266
819
454
732
129
59
223
992
899
362
791
845
272
255
35
768
667
249
537
558
783
703
2
596
60
400
585
379
729
816
635
788
802
761
810
135
951
708
422
65
542
544
459
186
511
169
710
513
258
211
739
317
378
213
773
496
972
754
664
849
906
276
628
759
144
936
330
702
619
505
240
401
270
656
983
861
420
337
753
121
246
472
97
325
638
74
228
800
520
318
985
695
721
946
238
156
210
370
580
915
980
664
874
677
446
535
635
553
502
236
486
532
746
402
535
894
457
234
986
351
352
662
57
614
485
208
1
228
700
318
682
968
480
776
608
313
372
256
692
900
958
785
432
287
301
356
887
576
98
948
407
171
313
704
991
79
48
937
509
452
797
181
743
578
124
444
507
493
469
273
303
733
82
317
195
383
640
754
30
575
515
568
337
439
267
533
911
569
351
404
44
111
930
628
418
991
162
230
434
285
829
11
653
210
68
990
861
365
676
132
503
230
100
422
798
562
671
850
247
63
572
714
899
89
29
484
766
336
557
333
22
58
696
541
700
50
786
145
327
687
880
738
564
522
646
699
710
659
18
78
741
397
871
867
100
767
10
449
206
440
526
490
985
760
750
691
296
987
959
197
644
440
336
665
312
21
170
790
504
197
682
707
108
722
115
338
800
155
210
915
227
947
527
184
91
854
55
941
319
26
755
735
868
274
193
922
647
712
686
952
838
759
65
516
372
743
496
210
784
862
300
417
33
906
940
627
966
110
382
816
462
37
338
364
670
438
464
495
609
365
849
909
838
268
49
739
808
547
319
355
96
1
311
666
250
627
594
298
835
405
993
226
283
178
795
328
371
397
810
260
832
223
141
586
612
50
736
191
656
722
331
323
946
147
332
916
121
680
763
287
708
77
309
527
230
251
375
412
36
949
927
703
344
453
834
721
798
926
626
936
999
405
280
536
305
822
169
618
282
44
366
580
288
550
436
677
900
951
590
799
330
764
161
929
21
152
264
615
137
612
882
668
345
699
675
592
116
849
147
941
118
393
719
406
588
346
695
143
122
356
850
641
346
907
848
77
869
573
788
401
950
50
899
352
838
137
557
280
283
457
161
956
188
20
464
581
82
359
158
98
83
848
404
926
596
214
632
309
296
101
555
258
92
92
542
420
881
584
477
274
137
752
255
39
957
372
361
203
590
832
91
812
658
655
869
707
26
408
594
793
587
296
757
709
461
426
571
408
872
697
385
810
148
407
65
40
922
199
414
161
95
489
59
957
607
809
990
264
385
151
175
688
345
883
318
494
979
978
497
397
760
512
163
715
69
926
828
347
823
761
806
939
71
291
740
908
669
819
928
164
207
967
487
518
841
986
957
72
827
712
708
916
169
278
573
659
964
944
825
46
744
278
706
510
828
911
717
698
332
265
38
473
430
284
208
458
429
756
582
392
318
908
799
574
197
135
372
179
425
991
111
799
176
712
482
48
987
475
706
869
253
194
520
505
139
112
914
96
4
595
836
389
894
457
200
943
17
7
714
892
335
508
763
374
579
665
823
549
448
245
230
957
377
62
512
24
1000
594
639
487
191
220
420
751
35
228
951
645
474
825
734
255
606
970
32
154
438
86
872
628
581
711
944
216
189
121
820
662
779
963
471
640
234
147
648
360
724
299
322
761
71
53
558
941
127
694
467
428
391
882
867
32
917
321
781
878
865
144
287
596
316
178
58
36
829
689
877
393
971
787
687
408
502
274
909
133
741
811
480
687
640
822
525
799
437
62
619
455
271
630
793
626
546
540
290
378
671
500
719
181
614
254
661
182
702
104
831
975
266
626
168
973
285
219
347
305
